0 0.84453125 0.3671875 0.06640625 0.0765625
0 0.834375 0.76328125 0.140625 0.1921875
0 0.18828125 0.240625 0.0453125 0.065625
0 0.33125 0.2421875 0.0390625 0.06171875
0 0.38359375 0.17890625 0.02734375 0.034375
0 0.6125 0.28046875 0.04765625 0.0734375
0 0.57890625 0.18671875 0.02578125 0.0421875
0 0.8890625 0.54140625 0.1203125 0.15546875
0 0.72890625 0.19609375 0.03359375 0.04609375
0 0.66953125 0.2546875 0.0421875 0.059375
0 0.58359375 0.121875 0.0171875 0.02890625
0 0.70078125 0.22109375 0.0359375 0.03828125
0 0.365625 0.13359375 0.01953125 0.025