0 0.17890625 0.26328125 0.04609375 0.06640625
0 0.31953125 0.26796875 0.03984375 0.0609375
0 0.7671875 0.65703125 0.11328125 0.15546875
0 0.8015625 0.35390625 0.05703125 0.0703125
0 0.59375 0.27890625 0.04140625 0.06484375
0 0.6484375 0.25859375 0.03828125 0.05390625
0 0.975 0.41953125 0.05 0.10546875
0 0.37578125 0.19921875 0.028125 0.03515625
0 0.828125 0.4953125 0.1 0.13515625
0 0.5640625 0.19453125 0.02421875 0.03671875
0 0.70546875 0.20546875 0.03125 0.040625
0 0.35859375 0.15546875 0.01953125 0.02578125
0 0.6765625 0.228125 0.03203125 0.03671875