0 0.85625 0.38359375 0.06640625 0.07734375
0 0.8453125 0.7828125 0.14140625 0.19375
0 0.196875 0.25546875 0.0453125 0.065625
0 0.33984375 0.2578125 0.0390625 0.06171875
0 0.39296875 0.19375 0.02734375 0.03515625
0 0.62265625 0.296875 0.04765625 0.0734375
0 0.5890625 0.2015625 0.02578125 0.04296875
0 0.90078125 0.559375 0.1203125 0.15703125
0 0.73984375 0.2109375 0.03359375 0.046875
0 0.6796875 0.2703125 0.0421875 0.06015625
0 0.59375 0.13671875 0.0171875 0.02890625
0 0.71171875 0.23671875 0.0359375 0.0390625
0 0.375 0.1484375 0.01953125 0.025