0 0.02890625 0.39375 0.05703125 0.11328125
0 0.32578125 0.29375 0.04296875 0.05390625
0 0.8734375 0.35703125 0.059375 0.06328125
0 0.615625 0.34140625 0.04609375 0.06484375
0 0.31953125 0.21328125 0.028125 0.03671875
0 0.69296875 0.2609375 0.03125 0.040625
0 0.18046875 0.465625 0.08359375 0.13125
0 0.56171875 0.21796875 0.02734375 0.04609375
0 0.921875 0.6359375 0.14140625 0.1796875
0 0.67265625 0.30625 0.04765625 0.06875
0 0.60859375 0.215625 0.025 0.0390625
0 0.984375 0.46640625 0.03125 0.11484375