0 0.16796875 0.23828125 0.0484375 0.07109375
0 0.3171875 0.24296875 0.0421875 0.06484375
0 0.79296875 0.6578125 0.1203125 0.165625
0 0.82890625 0.334375 0.0609375 0.075
0 0.60859375 0.2546875 0.04453125 0.06875
0 0.66640625 0.23359375 0.040625 0.05703125
0 0.99296875 0.4046875 0.0140625 0.1125
0 0.3765625 0.1703125 0.0296875 0.0375
0 0.85703125 0.48515625 0.10625 0.14375
0 0.5765625 0.165625 0.02578125 0.0390625
0 0.7265625 0.17734375 0.0328125 0.04296875
0 0.35859375 0.12421875 0.02109375 0.02734375
0 0.69609375 0.20078125 0.034375 0.0390625