0 0.8234375 0.3796875 0.06328125 0.07421875
0 0.81328125 0.7609375 0.13515625 0.18515625
0 0.19140625 0.25703125 0.04375 0.06328125
0 0.32890625 0.259375 0.0375 0.059375
0 0.3796875 0.1984375 0.02578125 0.03359375
0 0.6 0.29609375 0.04609375 0.0703125
0 0.56796875 0.20546875 0.025 0.040625
0 0.86640625 0.546875 0.115625 0.15
0 0.71171875 0.21484375 0.03203125 0.04453125
0 0.6546875 0.27109375 0.040625 0.05703125
0 0.571875 0.14375 0.01640625 0.028125
0 0.68515625 0.2390625 0.034375 0.03671875
0 0.3625 0.1546875 0.01875 0.02421875