0 0.02578125 0.3984375 0.0515625 0.115625
0 0.32578125 0.29609375 0.04375 0.0546875
0 0.8859375 0.36171875 0.0609375 0.0640625
0 0.62265625 0.3453125 0.046875 0.06640625
0 0.31953125 0.2140625 0.02890625 0.0375
0 0.70078125 0.26328125 0.03203125 0.04140625
0 0.17734375 0.47265625 0.08515625 0.134375
0 0.5671875 0.21875 0.02734375 0.04765625
0 0.93125 0.646875 0.1375 0.18359375
0 0.68046875 0.309375 0.04921875 0.0703125
0 0.61484375 0.2171875 0.02578125 0.03984375
0 0.99140625 0.4734375 0.0171875 0.1171875