0 0.1828125 0.246875 0.046875 0.06875
0 0.32734375 0.2515625 0.040625 0.0625
0 0.7875 0.65234375 0.11640625 0.159375
0 0.82265625 0.340625 0.05859375 0.071875
0 0.609375 0.26328125 0.04296875 0.06640625
0 0.665625 0.2421875 0.03984375 0.05546875
0 0.9875 0.4078125 0.025 0.10859375
0 0.38515625 0.18125 0.02890625 0.0359375
0 0.85 0.4859375 0.103125 0.1390625
0 0.57890625 0.1765625 0.025 0.03828125
0 0.7234375 0.18828125 0.03203125 0.0421875
0 0.36796875 0.13671875 0.0203125 0.0265625
0 0.69453125 0.2109375 0.0328125 0.03828125